0.17633802 0.19399105 -0.55448455 
0.20134129 0.19399582 -0.55448455 
0.22631295 0.19395451 -0.5564377 
0.25131622 0.19395928 -0.5564377 
0.27631882 0.19396307 -0.55647933 
0.30129483 0.19392811 -0.5581633 
0.17633706 0.21898966 -0.55483806 
0.20131445 0.2189567 -0.5564377 
0.22631772 0.21896146 -0.5564377 
0.25128937 0.21892016 -0.5583908 
0.2763066 0.21894526 -0.55752873 
0.30129594 0.2189297 -0.5583908 
0.32629922 0.21893448 -0.5583908 
0.17631595 0.24395888 -0.5564377 
0.20131922 0.24396364 -0.5564377 
0.22632179 0.24396738 -0.55648184 
0.25129417 0.2439271 -0.5583908 
0.27629742 0.24393189 -0.5583908 
0.3013007 0.24393666 -0.5583908 
0.32627237 0.24389535 -0.5603439 
0.17632072 0.26896584 -0.5564377 
0.201324 0.2689706 -0.5564377 
0.22629566 0.2689293 -0.5583908 
0.25129893 0.26893407 -0.5583908 
0.27628338 0.26891142 -0.5595529 
0.30127388 0.26889753 -0.5603439 
0.32627714 0.2689023 -0.5603439 
0.1763054 0.2939435 -0.5576797 
0.20129716 0.29393148 -0.5583908 
0.22630043 0.29393625 -0.5583908 
0.25127208 0.29389495 -0.5603439 
0.27627537 0.29389971 -0.5603439 
0.30127865 0.29390448 -0.5603439 
